1000
11.20000 28.30000 69.20000
35.30000 18.30000 42.70000
75.60000 39.20000 99.80000
77.20000 69.50000 44.40000
40.00000 32.40000 21.80000
15.20000 85.70000 37.60000
33.30000 5.10000 24.50000
13.50000 94.00000 71.60000
57.40000 2.70000 79.00000
74.90000 81.90000 53.50000
10.50000 5.70000 27.60000
67.40000 40.30000 17.80000
12.00000 47.30000 33.30000
63.30000 8.50000 6.20000
55.50000 52.70000 44.40000
23.30000 97.90000 90.50000
69.10000 57.60000 88.70000
57.70000 62.20000 55.80000
75.40000 40.90000 72.60000
14.40000 81.40000 31.10000
4.80000 83.30000 64.70000
39.80000 96.50000 20.30000
36.60000 8.10000 53.20000
33.60000 16.90000 4.00000
32.70000 72.90000 33.00000
34.40000 96.40000 54.70000
90.40000 18.40000 69.50000
33.00000 71.00000 95.50000
78.30000 52.00000 37.50000
68.50000 54.60000 39.90000
49.80000 2.30000 27.10000
32.10000 22.10000 29.30000
39.60000 33.00000 76.00000
33.20000 64.80000 52.60000
69.00000 10.50000 5.30000
80.00000 3.00000 32.60000
98.60000 77.80000 43.50000
57.80000 68.90000 10.60000
2.10000 65.10000 93.10000
41.30000 63.90000 10.30000
71.80000 57.70000 64.30000
26.10000 24.40000 14.70000
43.40000 14.90000 49.00000
3.20000 34.30000 9.20000
14.80000 81.90000 64.50000
95.90000 79.70000 31.70000
74.50000 29.40000 49.20000
20.70000 84.40000 81.60000
19.40000 88.90000 61.50000
2.00000 72.20000 89.70000
71.20000 86.70000 12.50000
47.90000 12.70000 79.20000
67.30000 22.10000 71.90000
51.70000 86.90000 80.20000
44.90000 41.40000 16.50000
25.50000 11.50000 37.50000
29.60000 33.90000 64.30000
45.90000 41.60000 87.70000
22.80000 76.80000 43.60000
17.80000 86.80000 31.00000
26.70000 89.30000 8.70000
81.90000 85.70000 92.10000
90.50000 77.20000 21.90000
22.20000 34.10000 8.80000
86.10000 64.60000 99.30000
23.80000 28.40000 14.10000
50.70000 76.50000 49.00000
94.00000 96.80000 42.30000
64.40000 60.00000 51.60000
44.50000 34.20000 98.90000
73.10000 65.90000 12.70000
59.30000 58.60000 44.30000
20.40000 73.50000 1.40000
75.10000 49.60000 59.20000
39.00000 69.10000 49.50000
8.80000 46.50000 39.90000
54.60000 4.80000 55.60000
18.40000 52.10000 21.00000
4.50000 18.10000 1.80000
95.10000 46.30000 99.80000
54.30000 85.40000 73.60000
9.40000 32.00000 45.00000
35.80000 86.20000 66.10000
76.90000 56.50000 66.50000
7.10000 54.10000 78.60000
29.80000 50.40000 16.70000
93.60000 61.90000 44.40000
81.60000 32.80000 32.50000
73.50000 25.40000 27.40000
11.50000 33.00000 27.20000
65.20000 71.90000 37.50000
81.80000 99.10000 53.40000
31.40000 18.50000 88.30000
84.00000 92.60000 88.50000
75.00000 84.40000 46.30000
4.30000 27.70000 2.20000
32.30000 43.80000 5.30000
51.40000 92.10000 54.70000
21.30000 52.40000 68.20000
19.30000 13.70000 0.00000
32.60000 67.10000 49.40000
4.10000 87.30000 44.40000
18.30000 78.90000 3.20000
78.50000 96.50000 78.40000
90.00000 96.30000 83.60000
0.70000 14.60000 83.80000
43.70000 11.60000 9.30000
97.00000 4.20000 58.60000
37.90000 61.00000 93.10000
75.50000 11.40000 16.40000
19.00000 0.10000 70.70000
2.00000 22.90000 53.60000
78.00000 81.00000 57.60000
55.90000 84.80000 50.10000
73.80000 73.80000 68.60000
89.60000 17.20000 26.50000
54.50000 43.10000 67.00000
97.30000 65.40000 35.00000
70.70000 23.30000 66.80000
63.90000 53.20000 63.50000
98.70000 31.90000 7.10000
67.20000 12.60000 95.80000
92.50000 91.90000 53.80000
51.00000 1.50000 43.50000
59.20000 85.00000 66.60000
38.90000 59.10000 59.60000
18.20000 11.90000 4.00000
9.60000 20.90000 12.60000
55.20000 67.90000 43.10000
73.90000 9.30000 53.60000
39.10000 42.10000 45.90000
82.60000 49.20000 96.20000
18.70000 88.90000 47.80000
4.30000 29.60000 65.40000
92.10000 89.80000 54.50000
61.70000 53.80000 6.50000
12.60000 98.70000 37.00000
45.90000 96.30000 86.70000
11.30000 25.10000 3.70000
57.50000 17.40000 28.20000
41.30000 46.60000 21.20000
0.90000 89.10000 86.80000
24.80000 20.60000 45.00000
98.20000 61.20000 90.40000
90.10000 86.50000 29.20000
31.90000 44.10000 84.90000
47.40000 73.20000 0.40000
1.10000 31.60000 56.90000
60.00000 54.80000 27.10000
16.30000 5.80000 16.80000
47.40000 92.90000 83.90000
86.00000 2.90000 93.90000
85.00000 64.50000 20.70000
13.10000 42.70000 17.40000
87.80000 63.70000 90.80000
28.50000 70.60000 96.20000
46.90000 86.10000 91.80000
99.90000 14.10000 62.50000
68.20000 12.10000 19.00000
70.70000 39.80000 81.80000
27.20000 10.90000 44.80000
63.70000 3.50000 41.60000
20.20000 38.80000 10.10000
37.00000 32.00000 85.60000
58.30000 16.60000 65.80000
51.90000 57.40000 56.90000
32.00000 98.00000 26.90000
23.30000 64.80000 11.60000
65.60000 80.10000 20.40000
17.80000 92.40000 67.80000
3.80000 31.20000 3.50000
56.10000 79.10000 25.60000
11.90000 9.60000 42.00000
17.50000 61.80000 27.50000
61.10000 88.90000 33.70000
42.30000 15.90000 96.60000
85.60000 89.00000 86.60000
41.50000 93.70000 81.00000
76.40000 97.10000 87.30000
52.80000 69.80000 19.40000
94.60000 56.10000 56.50000
88.30000 40.80000 20.40000
77.50000 52.40000 66.20000
12.90000 69.90000 76.10000
57.30000 60.60000 18.70000
13.00000 6.00000 17.80000
41.80000 53.70000 41.80000
93.40000 65.70000 20.40000
1.80000 70.40000 70.00000
9.40000 31.70000 80.80000
5.80000 1.40000 35.70000
22.00000 17.90000 90.90000
15.60000 23.20000 25.10000
7.10000 68.80000 0.90000
38.60000 24.60000 34.40000
62.30000 23.00000 86.90000
7.60000 43.00000 30.00000
92.80000 62.50000 90.50000
58.20000 17.10000 51.30000
29.10000 21.20000 65.70000
71.70000 66.30000 25.60000
87.20000 20.50000 28.70000
90.80000 90.70000 74.60000
35.70000 64.90000 41.80000
67.30000 49.60000 15.30000
37.10000 51.20000 60.50000
0.20000 78.60000 66.40000
94.10000 49.70000 97.90000
54.70000 52.20000 11.00000
3.20000 87.60000 21.40000
39.00000 47.10000 0.50000
12.60000 34.20000 39.60000
49.60000 15.70000 60.90000
53.70000 34.80000 80.50000
97.50000 97.50000 54.70000
61.40000 0.10000 51.80000
85.90000 84.40000 84.10000
95.20000 5.30000 24.20000
53.00000 66.90000 95.40000
1.80000 28.70000 39.20000
1.30000 38.10000 64.70000
98.80000 31.50000 24.90000
44.50000 60.10000 18.70000
99.20000 96.80000 59.90000
83.60000 31.80000 81.50000
4.40000 69.40000 65.50000
26.00000 70.90000 37.40000
64.80000 16.60000 82.90000
42.90000 62.60000 74.80000
11.90000 32.20000 14.40000
73.80000 75.00000 28.50000
96.60000 72.90000 30.00000
98.80000 9.70000 77.10000
89.50000 18.80000 72.10000
49.70000 3.20000 78.60000
15.40000 33.30000 81.80000
95.00000 17.50000 58.80000
60.70000 24.50000 34.20000
47.00000 27.00000 92.80000
15.40000 32.90000 58.80000
82.90000 16.40000 66.40000
49.20000 50.40000 40.80000
70.60000 14.10000 56.30000
75.30000 60.40000 7.50000
36.30000 3.70000 53.70000
91.90000 47.70000 8.60000
27.00000 37.90000 60.40000
99.60000 97.00000 51.50000
86.60000 26.50000 32.90000
51.70000 64.10000 65.30000
27.80000 47.80000 35.70000
86.10000 84.70000 89.60000
93.50000 41.10000 97.80000
88.40000 78.50000 31.40000
30.80000 32.90000 53.00000
39.70000 25.80000 47.90000
89.20000 40.30000 94.50000
70.10000 39.90000 20.60000
72.00000 37.90000 83.30000
77.30000 39.40000 20.40000
61.00000 71.30000 42.70000
33.10000 48.90000 53.10000
64.60000 13.20000 29.90000
94.80000 27.30000 54.50000
60.20000 89.30000 32.20000
23.70000 45.70000 2.80000
65.80000 7.70000 71.90000
90.90000 25.70000 64.80000
53.00000 15.90000 48.00000
78.20000 94.40000 23.70000
39.40000 35.60000 83.20000
69.20000 43.90000 83.00000
51.20000 98.50000 99.60000
26.00000 76.70000 25.30000
64.70000 77.80000 16.40000
61.90000 16.60000 76.80000
86.80000 91.80000 56.10000
21.30000 34.40000 92.60000
68.10000 97.40000 64.70000
47.30000 22.10000 95.00000
20.30000 4.30000 13.80000
38.80000 25.70000 71.40000
80.30000 79.70000 41.90000
55.40000 41.40000 22.80000
96.40000 82.80000 48.40000
88.00000 82.70000 63.70000
43.80000 28.20000 43.90000
82.40000 62.10000 53.30000
86.10000 28.80000 27.20000
32.60000 85.20000 3.30000
24.00000 75.00000 81.40000
59.40000 51.20000 10.40000
78.80000 66.60000 83.70000
19.60000 90.20000 7.80000
99.20000 87.80000 97.00000
44.20000 49.70000 78.50000
14.50000 10.60000 81.10000
53.10000 79.90000 26.80000
32.10000 81.90000 6.50000
34.70000 66.20000 23.80000
69.80000 99.00000 16.30000
68.80000 18.70000 30.60000
48.00000 70.10000 27.90000
20.30000 68.60000 13.20000
35.80000 92.00000 40.20000
94.10000 31.60000 12.70000
72.60000 7.30000 88.00000
20.20000 4.00000 65.50000
53.10000 53.50000 97.00000
99.70000 45.40000 97.00000
6.00000 13.80000 19.50000
75.80000 94.60000 91.10000
93.20000 61.50000 8.40000
76.70000 54.10000 74.50000
32.60000 85.00000 88.70000
95.20000 89.30000 3.90000
98.60000 18.10000 54.00000
96.00000 99.60000 11.70000
95.60000 18.70000 17.00000
67.90000 70.70000 13.20000
23.00000 54.00000 25.60000
34.40000 80.40000 2.10000
87.10000 20.70000 86.50000
96.90000 44.50000 27.70000
33.60000 47.70000 55.70000
73.40000 29.20000 56.50000
29.30000 68.50000 41.90000
17.00000 63.40000 30.40000
65.70000 5.70000 46.80000
4.90000 20.50000 51.70000
49.60000 43.00000 29.80000
95.50000 61.70000 6.20000
44.00000 72.50000 54.80000
0.50000 0.30000 83.20000
76.10000 60.10000 37.80000
35.00000 1.00000 31.30000
8.00000 66.70000 0.60000
28.10000 50.50000 92.30000
3.50000 60.40000 23.40000
24.50000 56.40000 55.60000
7.70000 63.50000 13.40000
23.70000 26.50000 62.90000
8.60000 39.10000 46.90000
8.20000 91.60000 37.40000
56.90000 68.50000 30.90000
49.70000 33.60000 8.00000
14.40000 25.10000 46.00000
67.70000 1.80000 12.20000
58.90000 53.60000 9.40000
0.10000 30.00000 91.90000
31.00000 41.00000 18.20000
38.00000 24.20000 4.00000
44.20000 49.20000 18.70000
32.20000 71.30000 57.10000
24.30000 2.40000 98.50000
2.50000 44.50000 11.50000
83.10000 15.10000 24.40000
35.80000 34.40000 53.50000
88.90000 39.20000 46.70000
36.90000 49.40000 27.30000
63.00000 33.30000 85.00000
70.70000 86.80000 86.90000
27.00000 46.80000 84.30000
98.80000 2.00000 73.20000
44.40000 93.70000 12.30000
30.60000 87.90000 36.10000
60.10000 99.40000 43.80000
81.00000 42.70000 58.00000
34.80000 69.20000 76.00000
16.70000 39.10000 5.00000
24.20000 84.30000 20.30000
75.50000 40.50000 93.10000
43.50000 98.20000 49.80000
28.90000 18.60000 8.00000
26.50000 39.30000 39.20000
18.80000 48.00000 21.00000
8.20000 22.30000 28.70000
6.40000 68.50000 7.00000
63.30000 0.80000 79.00000
11.70000 34.90000 41.10000
6.30000 47.20000 67.70000
77.10000 20.10000 47.30000
27.70000 95.90000 13.80000
36.60000 3.20000 41.10000
89.00000 24.20000 17.90000
96.60000 73.40000 60.10000
56.50000 36.80000 62.80000
15.20000 9.50000 64.80000
5.20000 71.10000 63.50000
86.90000 69.40000 29.60000
95.30000 98.10000 64.00000
79.10000 46.30000 75.80000
0.90000 78.50000 84.30000
5.80000 18.40000 43.20000
80.80000 88.50000 7.90000
46.70000 59.70000 0.20000
10.50000 71.50000 95.80000
5.20000 75.20000 70.70000
68.90000 45.60000 97.40000
27.70000 3.10000 53.40000
78.20000 22.70000 44.50000
62.50000 73.20000 43.30000
59.40000 14.90000 21.50000
0.80000 55.90000 88.30000
73.40000 35.80000 58.80000
90.10000 58.00000 26.40000
93.20000 94.30000 59.10000
33.80000 56.50000 17.70000
89.50000 46.30000 81.80000
59.10000 83.70000 8.00000
24.90000 51.40000 48.40000
42.50000 27.80000 97.90000
40.30000 8.60000 39.30000
92.60000 61.20000 47.40000
96.10000 48.30000 90.20000
8.70000 96.30000 78.90000
92.30000 65.40000 17.70000
12.30000 73.10000 54.10000
62.30000 29.40000 70.00000
0.80000 30.20000 54.70000
98.20000 19.40000 54.30000
46.00000 93.10000 92.30000
48.30000 57.20000 16.70000
70.50000 50.80000 71.40000
19.30000 53.10000 66.10000
29.60000 75.30000 32.80000
35.30000 2.20000 33.90000
17.70000 90.10000 76.50000
51.70000 66.20000 69.60000
59.80000 1.20000 94.90000
4.60000 20.60000 70.20000
46.20000 99.60000 16.40000
95.70000 26.70000 66.90000
82.30000 99.40000 51.10000
91.80000 77.60000 15.50000
54.20000 34.90000 15.20000
30.90000 55.60000 0.50000
21.10000 76.60000 88.90000
25.10000 98.30000 39.60000
30.60000 67.50000 92.50000
88.20000 90.60000 2.80000
84.40000 24.30000 49.20000
52.20000 55.80000 10.00000
52.00000 2.20000 4.10000
30.60000 99.10000 92.80000
1.70000 90.10000 88.60000
79.50000 26.90000 54.30000
1.10000 99.50000 11.00000
84.10000 35.80000 95.50000
78.20000 26.70000 34.00000
78.10000 74.90000 56.00000
51.60000 30.60000 12.50000
80.60000 65.40000 85.80000
71.60000 60.00000 25.80000
30.80000 42.60000 97.80000
89.50000 17.30000 98.40000
3.30000 95.60000 84.60000
25.80000 37.90000 69.80000
22.60000 61.10000 90.80000
67.00000 31.50000 5.70000
48.00000 89.90000 56.20000
18.70000 50.40000 43.00000
1.70000 10.40000 54.30000
9.00000 57.40000 85.10000
40.10000 57.60000 86.90000
6.90000 34.00000 24.10000
61.50000 86.40000 35.90000
16.30000 42.60000 12.00000
69.80000 38.90000 43.00000
74.90000 1.10000 42.80000
21.40000 59.50000 84.20000
38.50000 89.40000 99.60000
37.00000 31.80000 37.40000
22.80000 55.90000 70.20000
6.40000 31.70000 14.90000
8.40000 62.70000 95.10000
17.30000 31.30000 54.50000
48.20000 88.80000 93.40000
54.00000 24.70000 33.30000
62.10000 16.80000 69.90000
89.90000 74.80000 11.20000
7.10000 61.00000 46.10000
98.20000 57.20000 2.20000
86.20000 67.10000 33.40000
91.30000 16.00000 55.20000
61.00000 19.60000 90.60000
8.10000 94.50000 71.10000
65.90000 58.00000 30.60000
83.40000 70.80000 26.80000
42.00000 6.70000 69.60000
82.70000 77.50000 2.30000
26.30000 4.80000 5.40000
49.60000 6.10000 35.80000
95.40000 52.40000 76.20000
27.70000 64.90000 61.90000
90.10000 9.20000 36.50000
59.30000 68.20000 30.90000
81.20000 64.20000 9.30000
66.80000 44.60000 61.40000
94.30000 77.10000 81.20000
64.10000 68.30000 62.40000
43.40000 53.90000 12.10000
63.80000 0.00000 66.40000
38.10000 88.30000 82.00000
14.30000 73.20000 64.10000
79.00000 64.00000 12.40000
56.30000 35.90000 9.80000
56.90000 96.70000 20.60000
10.70000 69.60000 8.40000
65.00000 84.70000 11.10000
28.50000 98.70000 74.60000
41.50000 60.20000 27.30000
30.30000 98.60000 7.80000
25.90000 73.20000 88.40000
74.60000 48.90000 35.10000
50.20000 29.00000 76.80000
89.60000 79.70000 67.30000
50.70000 16.80000 23.80000
28.80000 67.10000 70.10000
81.20000 43.00000 30.70000
35.50000 70.10000 12.60000
89.80000 2.60000 49.30000
63.40000 2.70000 87.70000
3.80000 13.90000 7.00000
77.00000 29.90000 46.40000
92.20000 82.20000 81.90000
82.90000 98.10000 25.70000
65.10000 95.90000 86.90000
96.80000 87.70000 8.30000
64.10000 47.00000 5.40000
63.70000 44.70000 16.50000
21.60000 69.00000 89.10000
8.10000 28.00000 42.10000
57.70000 52.50000 97.10000
17.30000 56.30000 30.20000
61.90000 88.20000 71.90000
43.40000 44.30000 94.10000
21.80000 54.90000 18.60000
78.50000 64.10000 36.30000
19.00000 74.40000 44.20000
91.60000 29.80000 96.50000
74.20000 50.40000 17.60000
44.60000 70.00000 46.00000
90.90000 49.20000 93.80000
21.40000 99.80000 10.90000
75.70000 30.50000 10.40000
17.20000 12.10000 26.60000
15.40000 38.70000 66.10000
54.90000 66.40000 34.50000
16.30000 92.00000 39.30000
23.80000 28.90000 99.10000
68.70000 0.00000 50.20000
80.60000 11.60000 94.70000
45.10000 66.90000 27.50000
20.30000 27.20000 61.40000
84.30000 45.40000 56.40000
21.00000 27.90000 83.80000
0.90000 60.20000 74.20000
0.50000 88.10000 98.70000
11.40000 66.00000 91.50000
91.30000 22.20000 11.20000
28.80000 10.20000 62.80000
65.90000 68.00000 70.50000
58.60000 82.00000 66.10000
16.50000 3.90000 73.90000
87.70000 9.90000 75.00000
29.30000 78.50000 89.80000
93.50000 70.70000 90.60000
93.00000 1.70000 71.50000
83.90000 54.80000 33.20000
57.70000 51.50000 31.50000
92.70000 48.90000 43.60000
10.90000 79.50000 18.40000
86.80000 4.00000 15.30000
77.00000 23.60000 35.70000
63.10000 11.30000 19.30000
74.60000 47.50000 29.10000
11.30000 70.80000 13.00000
93.80000 97.50000 93.80000
80.30000 51.00000 88.70000
87.00000 87.70000 77.50000
72.40000 80.60000 27.30000
7.30000 62.10000 32.40000
12.80000 14.80000 30.00000
85.20000 39.90000 58.40000
47.50000 61.10000 24.30000
16.70000 80.30000 33.30000
29.30000 68.70000 13.10000
42.70000 18.40000 1.60000
2.00000 52.10000 93.90000
46.40000 77.00000 54.10000
7.60000 75.80000 44.50000
76.70000 54.10000 14.40000
62.10000 51.40000 83.20000
45.00000 85.00000 38.50000
92.10000 12.40000 6.60000
24.20000 83.40000 56.90000
42.60000 34.40000 99.20000
30.30000 31.20000 29.90000
68.60000 75.50000 48.40000
77.30000 28.10000 73.00000
62.00000 10.60000 2.10000
86.00000 71.80000 28.10000
52.80000 56.10000 10.50000
89.80000 37.60000 31.80000
3.20000 8.70000 33.20000
33.00000 8.80000 52.10000
12.80000 81.80000 92.60000
96.40000 87.60000 53.60000
2.00000 2.00000 48.80000
29.70000 45.30000 99.40000
70.00000 53.70000 96.30000
6.00000 56.80000 24.30000
72.70000 13.60000 54.60000
76.00000 63.20000 14.90000
49.80000 30.80000 0.00000
60.90000 26.20000 22.10000
1.10000 67.00000 61.50000
23.80000 30.50000 8.30000
76.70000 36.20000 51.00000
73.70000 71.10000 11.20000
65.20000 68.60000 8.20000
19.40000 71.10000 85.40000
34.10000 89.50000 79.40000
82.30000 42.40000 75.70000
65.30000 39.00000 19.90000
30.40000 55.20000 80.50000
35.40000 89.50000 69.40000
86.60000 55.20000 98.40000
70.70000 29.30000 99.90000
33.50000 92.80000 5.40000
73.90000 99.90000 44.70000
55.60000 33.00000 8.50000
17.30000 89.10000 72.90000
63.60000 38.30000 53.60000
50.40000 14.50000 50.80000
20.20000 74.70000 51.90000
12.30000 73.10000 26.80000
52.70000 38.80000 23.70000
96.00000 3.70000 41.60000
88.90000 42.40000 58.70000
30.90000 2.40000 22.10000
8.30000 84.50000 51.10000
36.10000 67.60000 4.20000
52.50000 88.40000 11.00000
9.80000 17.10000 64.70000
9.50000 42.80000 61.50000
67.50000 49.30000 79.10000
64.90000 68.10000 36.90000
73.60000 86.80000 62.50000
20.70000 85.60000 86.90000
40.90000 82.90000 58.00000
15.70000 7.50000 82.00000
49.30000 66.30000 11.00000
50.90000 40.70000 6.60000
72.80000 79.20000 68.50000
32.80000 22.70000 35.70000
53.60000 11.40000 78.10000
9.40000 27.30000 2.00000
28.30000 75.40000 76.90000
79.20000 10.10000 13.20000
59.20000 93.60000 83.80000
34.80000 55.90000 41.30000
48.00000 99.10000 67.90000
32.60000 52.40000 20.40000
74.50000 77.60000 94.60000
98.40000 2.90000 31.10000
13.50000 25.70000 84.40000
63.70000 12.90000 51.90000
92.70000 51.20000 78.20000
9.00000 90.90000 99.80000
70.40000 27.90000 33.20000
49.30000 10.70000 1.20000
95.30000 20.80000 88.60000
70.80000 33.20000 2.00000
56.90000 46.00000 92.30000
87.10000 98.80000 81.60000
15.70000 12.60000 77.60000
70.30000 25.40000 57.60000
5.10000 29.40000 75.20000
99.40000 89.90000 86.60000
97.10000 42.90000 52.10000
94.20000 92.00000 64.90000
13.20000 26.60000 36.00000
40.80000 0.30000 40.90000
2.10000 46.50000 22.50000
5.40000 20.10000 51.80000
7.20000 24.60000 23.40000
48.20000 7.30000 17.60000
56.20000 77.40000 14.00000
27.00000 38.80000 53.90000
37.40000 64.70000 15.80000
97.90000 39.90000 24.30000
34.50000 21.40000 34.20000
13.10000 27.00000 33.40000
81.20000 86.20000 95.50000
58.40000 48.80000 84.00000
22.70000 83.90000 17.90000
6.10000 57.00000 79.10000
46.30000 74.00000 45.10000
52.80000 25.90000 62.90000
11.50000 42.10000 95.90000
7.80000 6.50000 49.70000
95.30000 13.20000 73.40000
70.30000 68.10000 21.00000
6.30000 76.00000 55.50000
16.10000 98.60000 50.70000
37.00000 75.10000 4.20000
90.90000 5.80000 87.60000
61.10000 16.90000 89.80000
3.40000 49.70000 58.90000
53.50000 88.00000 85.40000
12.20000 42.50000 88.00000
67.70000 78.20000 56.60000
38.90000 35.60000 33.20000
61.10000 68.10000 0.90000
91.30000 74.20000 72.90000
60.40000 56.20000 89.70000
80.00000 7.60000 75.60000
22.20000 13.30000 94.60000
43.60000 84.80000 27.70000
16.50000 16.00000 35.90000
86.00000 16.50000 32.10000
55.70000 85.30000 37.00000
59.10000 38.30000 62.00000
61.90000 2.20000 10.80000
30.10000 26.90000 47.30000
14.90000 31.80000 94.10000
28.30000 11.40000 7.40000
15.10000 35.90000 95.10000
10.30000 30.60000 11.20000
29.70000 26.40000 81.10000
89.90000 39.00000 73.50000
25.20000 90.50000 15.40000
87.60000 91.00000 62.90000
31.50000 26.10000 7.40000
39.60000 66.50000 40.50000
89.50000 57.40000 81.60000
0.80000 77.00000 40.80000
7.70000 74.10000 47.70000
65.40000 28.80000 88.60000
56.00000 42.20000 74.50000
37.10000 68.30000 91.40000
55.20000 99.80000 95.70000
96.20000 3.30000 90.50000
45.50000 55.80000 4.20000
57.30000 41.00000 78.10000
28.80000 90.80000 82.80000
80.00000 5.10000 20.60000
50.30000 87.50000 86.20000
4.70000 65.80000 52.70000
4.50000 40.70000 71.80000
29.60000 20.60000 54.90000
91.70000 76.80000 3.40000
47.10000 76.30000 78.20000
2.70000 97.50000 55.20000
99.10000 0.50000 64.90000
45.90000 20.70000 50.20000
30.10000 90.30000 19.30000
42.50000 64.80000 19.40000
82.90000 55.80000 31.50000
68.70000 81.80000 79.80000
42.40000 93.20000 36.30000
21.30000 33.00000 54.30000
47.90000 29.00000 30.30000
79.30000 86.20000 98.30000
19.80000 13.90000 49.50000
41.40000 40.80000 19.20000
40.60000 34.50000 65.20000
84.10000 24.40000 77.50000
39.70000 53.70000 61.40000
27.00000 94.70000 94.70000
32.10000 88.80000 51.80000
49.30000 95.90000 81.20000
82.10000 48.00000 51.40000
4.20000 97.30000 81.30000
89.70000 76.30000 76.60000
54.60000 59.00000 24.30000
59.70000 72.10000 81.40000
37.20000 61.10000 25.90000
90.00000 20.60000 84.60000
86.60000 78.10000 11.90000
42.30000 21.20000 78.30000
42.20000 10.20000 83.50000
12.10000 56.50000 71.00000
53.50000 79.50000 27.60000
28.70000 22.80000 78.90000
24.70000 94.60000 49.30000
74.90000 23.20000 79.10000
30.00000 57.10000 65.20000
40.40000 65.90000 55.80000
8.70000 71.40000 15.90000
8.10000 24.30000 30.10000
64.80000 90.20000 27.40000
41.40000 53.00000 58.90000
55.10000 26.30000 41.00000
69.90000 24.30000 37.80000
8.30000 64.30000 32.90000
8.70000 8.80000 39.80000
88.70000 39.50000 32.10000
51.80000 77.30000 83.30000
43.80000 7.10000 5.10000
5.00000 3.00000 47.10000
79.30000 21.70000 81.00000
33.20000 8.20000 52.40000
29.20000 80.70000 36.20000
32.10000 69.60000 5.40000
46.10000 71.00000 6.50000
76.40000 92.00000 61.30000
83.40000 91.60000 48.00000
64.10000 31.90000 20.00000
83.40000 28.20000 88.10000
74.50000 0.00000 23.10000
73.60000 10.70000 93.60000
88.60000 64.40000 67.80000
25.10000 32.60000 97.50000
92.20000 10.90000 30.70000
87.30000 14.20000 71.30000
7.10000 50.10000 66.20000
94.40000 2.80000 62.10000
63.60000 4.80000 58.70000
96.80000 86.70000 45.40000
71.10000 16.60000 33.60000
9.80000 96.00000 17.40000
35.30000 85.70000 9.80000
48.70000 49.90000 94.90000
54.50000 57.50000 78.50000
41.60000 21.90000 31.30000
69.60000 4.70000 58.20000
35.80000 5.30000 34.30000
91.20000 73.30000 84.40000
39.20000 12.30000 8.40000
46.90000 76.50000 65.80000
35.90000 5.70000 77.90000
27.00000 88.40000 77.30000
75.50000 72.60000 6.60000
30.80000 11.30000 73.30000
22.70000 94.70000 42.40000
63.60000 28.00000 90.50000
77.90000 68.80000 24.50000
85.00000 7.40000 92.60000
84.10000 77.70000 8.10000
96.40000 62.20000 66.20000
41.50000 23.90000 41.90000
57.10000 73.80000 52.20000
4.20000 13.50000 84.40000
71.70000 49.90000 57.00000
44.30000 26.90000 20.70000
66.60000 78.80000 71.30000
92.60000 41.10000 48.80000
16.50000 41.10000 17.50000
10.90000 80.80000 0.80000
62.80000 45.00000 65.40000
67.90000 80.30000 56.80000
15.10000 19.30000 99.70000
93.90000 40.60000 46.90000
41.00000 35.40000 9.90000
29.60000 70.20000 40.60000
36.30000 93.20000 90.00000
68.10000 18.30000 29.50000
30.60000 1.90000 11.50000
74.50000 35.00000 43.80000
37.30000 69.00000 54.10000
59.70000 56.70000 49.30000
95.30000 90.40000 66.40000
42.20000 90.50000 61.00000
93.60000 62.40000 77.20000
53.20000 97.60000 35.50000
7.70000 23.50000 5.20000
96.00000 31.20000 79.00000
35.90000 32.20000 13.90000
48.40000 97.00000 77.70000
90.00000 6.20000 51.40000
73.00000 61.50000 38.90000
90.30000 44.10000 87.50000
61.80000 63.10000 73.40000
31.90000 24.50000 46.00000
60.70000 59.80000 64.00000
53.20000 96.60000 1.90000
92.70000 19.80000 98.90000
26.90000 31.80000 13.00000
83.10000 91.00000 26.00000
48.70000 67.90000 55.50000
0.30000 20.50000 36.40000
90.10000 45.40000 69.00000
4.10000 3.80000 42.00000
48.00000 65.10000 71.60000
60.30000 65.00000 16.00000
47.00000 95.40000 2.60000
81.00000 80.60000 24.60000
49.60000 85.70000 83.70000
98.40000 96.50000 53.90000
7.10000 98.90000 75.60000
26.10000 24.60000 29.40000
49.40000 21.70000 40.20000
19.00000 78.50000 95.30000
61.20000 53.80000 21.90000
58.30000 2.50000 71.10000
50.70000 66.50000 17.00000
76.70000 79.90000 95.90000
66.80000 72.10000 46.60000
54.40000 79.00000 2.10000
91.00000 5.10000 53.10000
57.90000 19.10000 97.50000
10.80000 98.70000 51.20000
30.70000 7.70000 75.90000
87.40000 97.60000 46.90000
71.30000 43.20000 83.10000
63.10000 85.80000 36.20000
14.40000 68.60000 38.70000
26.80000 87.20000 79.00000
64.80000 45.70000 16.90000
60.30000 18.00000 59.00000
86.50000 64.80000 20.40000
53.50000 91.50000 48.00000
14.80000 46.30000 3.90000
83.60000 8.90000 46.80000
5.10000 18.70000 20.40000
28.40000 58.90000 36.90000
60.10000 87.00000 25.90000
20.60000 14.00000 92.90000
40.40000 30.80000 8.50000
64.70000 99.50000 45.20000
72.60000 20.60000 36.80000
23.50000 30.30000 86.10000
81.30000 90.40000 85.90000
63.20000 21.30000 54.30000
87.20000 91.00000 25.80000
4.50000 78.20000 51.60000
93.80000 52.90000 76.30000
1.90000 31.50000 12.50000
36.40000 35.50000 79.80000
31.30000 86.00000 4.00000
42.10000 22.10000 44.00000
54.00000 83.90000 55.90000
58.10000 56.80000 4.30000
12.30000 21.70000 38.30000
1.60000 1.40000 56.80000
36.90000 81.90000 2.60000
73.80000 44.80000 85.40000
85.30000 43.20000 12.20000
25.50000 3.80000 41.50000
19.70000 68.60000 84.80000
56.40000 47.00000 98.90000
49.20000 62.00000 95.00000
44.60000 33.90000 0.90000
38.40000 62.10000 8.50000
33.50000 15.50000 2.70000
1.90000 40.10000 84.20000
9.70000 81.60000 87.50000
97.70000 19.80000 53.70000
96.00000 82.10000 66.50000
74.40000 66.40000 18.60000
9.30000 91.00000 55.40000
59.80000 38.30000 55.40000
7.60000 37.30000 24.90000
74.60000 82.30000 36.40000
20.00000 94.20000 34.20000
46.90000 21.50000 28.10000
36.10000 15.50000 59.40000
80.40000 51.50000 57.90000
72.70000 23.00000 96.60000
8.70000 76.90000 24.50000
49.80000 12.90000 43.50000
44.80000 95.40000 91.50000
42.40000 39.70000 13.90000
32.40000 19.70000 40.70000
52.40000 89.50000 7.70000
4.60000 38.40000 92.00000
94.20000 47.70000 20.30000
96.10000 95.30000 8.10000
49.20000 30.90000 8.60000
3.40000 33.60000 21.60000
43.40000 74.80000 31.80000
91.30000 51.60000 36.60000
65.10000 73.70000 7.80000
71.40000 65.00000 89.70000
13.20000 39.90000 88.10000
68.60000 18.90000 95.50000
61.80000 18.50000 95.80000
23.50000 45.00000 74.20000
95.90000 44.40000 15.80000
79.90000 81.10000 50.30000
22.00000 83.60000 16.80000
66.00000 54.20000 50.30000
53.30000 51.70000 30.10000
21.10000 44.80000 90.30000
97.00000 76.20000 78.40000
25.40000 92.70000 78.00000
11.20000 43.00000 22.20000
1.50000 40.40000 13.90000
38.80000 80.80000 53.60000
39.10000 38.10000 25.80000
32.80000 64.70000 3.20000
90.20000 11.60000 59.40000
60.50000 93.90000 7.20000
71.30000 32.20000 31.10000
78.00000 6.40000 97.30000
16.90000 77.60000 95.70000
95.90000 54.40000 6.30000
NNG
1000
0 667
1 693
2 371
3 450
4 856
5 59
6 829
7 169
8 897
9 94
10 185
11 625
12 75
13 601
14 985
15 771
16 611
17 877
18 258
19 586
20 642
21 762
22 804
23 947
24 425
25 304
26 233
27 439
28 514
29 984
30 123
31 656
32 768
33 100
34 158
35 748
36 45
37 715
38 557
39 759
40 83
41 893
42 212
43 930
44 47
45 36
46 325
47 650
48 132
49 188
50 581
51 212
52 118
53 749
54 965
55 160
56 254
57 536
58 636
59 5
60 733
61 695
62 434
63 618
64 154
65 618
66 590
67 317
68 877
69 597
70 952
71 863
72 303
73 846
74 862
75 12
76 897
77 375
78 523
79 414
80 53
81 379
82 503
83 313
84 698
85 664
86 413
87 524
88 574
89 229
90 900
91 433
92 786
93 925
94 956
95 170
96 350
97 914
98 424
99 126
100 33
101 209
102 72
103 178
104 676
105 845
106 801
107 639
108 464
109 660
110 307
111 883
112 982
113 723
114 450
115 722
116 741
117 187
118 678
119 984
120 221
121 227
122 134
123 30
124 563
125 662
126 99
127 868
128 548
129 613
130 714
131 579
132 48
133 679
134 122
135 348
136 904
137 964
138 658
139 402
140 352
141 558
142 893
143 842
144 927
145 454
146 807
147 419
148 896
149 185
150 421
151 840
152 913
153 989
154 64
155 513
156 890
157 316
158 34
159 258
160 55
161 328
162 369
163 32
164 912
165 14
166 512
167 303
168 274
169 427
170 930
171 689
172 798
173 327
174 264
175 782
176 580
177 137
178 103
179 898
180 493
181 799
182 313
183 504
184 777
185 10
186 794
187 416
188 49
189 0
190 802
191 920
192 694
193 377
194 843
195 485
196 989
197 866
198 912
199 752
200 704
201 115
202 734
203 33
204 529
205 770
206 392
207 414
208 603
209 101
210 96
211 379
212 635
213 515
214 891
215 502
216 251
217 666
218 944
219 419
220 948
221 120
222 511
223 247
224 811
225 388
226 857
227 275
228 790
229 89
230 581
231 36
232 157
233 26
234 8
235 727
236 950
237 616
238 515
239 476
240 817
241 985
242 613
243 614
244 383
245 969
246 690
247 223
248 288
249 428
250 410
251 216
252 256
253 62
254 56
255 843
256 874
257 11
258 159
259 519
260 401
261 324
262 668
263 432
264 174
265 85
266 820
267 263
268 635
269 881
270 32
271 398
272 743
273 425
274 168
275 479
276 734
277 815
278 527
279 238
280 149
281 782
282 982
283 638
284 821
285 516
286 764
287 538
288 248
289 932
290 513
291 348
292 452
293 733
294 680
295 825
296 677
297 785
298 321
299 691
300 631
301 859
302 553
303 167
304 25
305 120
306 813
307 564
308 533
309 681
310 523
311 178
312 331
313 182
314 623
315 528
316 420
317 390
318 560
319 621
320 537
321 298
322 780
323 981
324 261
325 46
326 857
327 173
328 820
329 686
330 638
331 312
332 542
333 937
334 873
335 426
336 193
337 362
338 481
339 410
340 336
341 556
342 646
343 823
344 496
345 971
346 683
347 725
348 896
349 419
350 96
351 735
352 140
353 368
354 110
355 685
356 722
357 472
358 799
359 140
360 418
361 761
362 337
363 756
364 888
365 772
366 922
367 624
368 742
369 162
370 697
371 2
372 431
373 23
374 690
375 77
376 792
377 193
378 502
379 211
380 818
381 400
382 512
383 244
384 560
385 987
386 724
387 677
388 225
389 483
390 578
391 579
392 206
393 686
394 881
395 745
396 559
397 388
398 271
399 941
400 574
401 260
402 139
403 589
404 619
405 974
406 122
407 436
408 884
409 509
410 250
411 238
412 22
413 86
414 79
415 486
416 187
417 504
418 360
419 349
420 950
421 150
422 585
423 647
424 98
425 273
426 335
427 633
428 249
429 8
430 111
431 372
432 263
433 91
434 753
435 506
436 407
437 895
438 787
439 155
440 315
441 248
442 603
443 30
444 510
445 141
446 600
447 755
448 224
449 574
450 114
451 971
452 292
453 873
454 145
455 879
456 775
457 246
458 470
459 810
460 97
461 534
462 105
463 698
464 108
465 474
466 919
467 850
468 861
469 812
470 458
471 858
472 357
473 98
474 465
475 559
476 239
477 749
478 795
479 275
480 62
481 582
482 999
483 389
484 236
485 979
486 415
487 29
488 602
489 783
490 841
491 860
492 30
493 929
494 518
495 816
496 344
497 505
498 852
499 987
500 562
501 745
502 378
503 627
504 417
505 497
506 435
507 878
508 577
509 168
510 444
511 222
512 166
513 290
514 576
515 238
516 285
517 958
518 494
519 259
520 643
521 902
522 378
523 310
524 46
525 951
526 433
527 278
528 315
529 911
530 911
531 942
532 792
533 717
534 77
535 124
536 57
537 320
538 287
539 636
540 869
541 576
542 332
543 408
544 438
545 88
546 721
547 235
548 128
549 132
550 924
551 828
552 718
553 759
554 341
555 774
556 341
557 403
558 141
559 183
560 384
561 836
562 500
563 124
564 652
565 994
566 659
567 830
568 819
569 760
570 14
571 974
572 851
573 35
574 400
575 262
576 514
577 508
578 390
579 131
580 176
581 956
582 481
583 721
584 358
585 222
586 19
587 806
588 106
589 403
590 832
591 739
592 541
593 696
594 720
595 318
596 58
597 69
598 880
599 713
600 446
601 13
602 389
603 442
604 358
605 885
606 804
607 949
608 821
609 937
610 454
611 16
612 338
613 242
614 243
615 971
616 237
617 188
618 65
619 861
620 835
621 319
622 942
623 627
624 367
625 11
626 789
627 623
628 131
629 740
630 382
631 300
632 435
633 427
634 954
635 212
636 539
637 577
638 283
639 107
640 884
641 860
642 20
643 520
644 967
645 686
646 342
647 423
648 90
649 9
650 47
651 991
652 296
653 898
654 283
655 761
656 31
657 51
658 138
659 513
660 109
661 535
662 125
663 871
664 85
665 899
666 756
667 0
668 262
669 929
670 445
671 796
672 688
673 879
674 459
675 943
676 104
677 296
678 118
679 133
680 294
681 323
682 864
683 694
684 383
685 355
686 329
687 792
688 672
689 171
690 374
691 946
692 681
693 656
694 683
695 61
696 675
697 983
698 463
699 332
700 795
701 712
702 798
703 157
704 200
705 739
706 136
707 520
708 568
709 275
710 685
711 53
712 701
713 848
714 992
715 37
716 830
717 533
718 552
719 920
720 594
721 583
722 356
723 113
724 954
725 347
726 876
727 235
728 947
729 727
730 229
731 786
732 640
733 60
734 276
735 41
736 74
737 197
738 206
739 591
740 838
741 116
742 368
743 272
744 363
745 501
746 741
747 834
748 35
749 53
750 225
751 948
752 199
753 434
754 832
755 775
756 363
757 894
758 365
759 39
760 569
761 848
762 21
763 476
764 847
765 695
766 721
767 965
768 32
769 811
770 794
771 747
772 365
773 871
774 555
775 755
776 716
777 184
778 562
779 691
780 233
781 841
782 279
783 489
784 463
785 297
786 199
787 837
788 961
789 626
790 74
791 577
792 687
793 174
794 186
795 478
796 671
797 582
798 702
799 358
800 754
801 688
802 885
803 788
804 606
805 273
806 587
807 146
808 103
809 881
810 459
811 224
812 469
813 306
814 866
815 924
816 495
817 994
818 380
819 568
820 328
821 608
822 301
823 136
824 289
825 295
826 717
827 933
828 328
829 383
830 716
831 106
832 754
833 905
834 910
835 620
836 561
837 787
838 740
839 952
840 565
841 490
842 143
843 933
844 260
845 105
846 73
847 764
848 713
849 855
850 467
851 572
852 498
853 848
854 667
855 849
856 4
857 326
858 623
859 301
860 641
861 619
862 74
863 71
864 682
865 460
866 197
867 507
868 127
869 432
870 4
871 773
872 902
873 453
874 408
875 877
876 656
877 875
878 507
879 673
880 618
881 809
882 542
883 111
884 408
885 802
886 249
887 496
888 364
889 781
890 749
891 223
892 415
893 41
894 958
895 998
896 148
897 8
898 653
899 665
900 90
901 689
902 872
903 485
904 136
905 561
906 526
907 271
908 466
909 417
910 834
911 529
912 479
913 152
914 97
915 153
916 495
917 376
918 662
919 466
920 719
921 856
922 278
923 301
924 550
925 93
926 912
927 881
928 705
929 493
930 170
931 270
932 289
933 827
934 113
935 348
936 346
937 609
938 321
939 907
940 181
941 399
942 531
943 675
944 218
945 856
946 691
947 23
948 220
949 607
950 420
951 525
952 70
953 486
954 724
955 465
956 94
957 837
958 894
959 836
960 182
961 788
962 572
963 635
964 137
965 767
966 693
967 644
968 948
969 245
970 247
971 615
972 930
973 699
974 571
975 319
976 562
977 701
978 227
979 485
980 986
981 323
982 282
983 697
984 119
985 14
986 980
987 385
988 747
989 153
990 355
991 651
992 714
993 643
994 565
995 507
996 861
997 306
998 895
999 482
