50
0.50000 1.40000 3.40000
1.70000 0.90000 2.10000
3.70000 1.90000 4.90000
3.80000 3.40000 2.20000
2.00000 1.60000 1.00000
0.70000 4.20000 1.80000
1.60000 0.20000 1.20000
0.60000 4.70000 3.50000
2.80000 0.10000 3.90000
3.70000 4.00000 2.60000
0.50000 0.20000 1.30000
3.30000 2.00000 0.80000
0.60000 2.30000 1.60000
3.10000 0.40000 0.30000
2.70000 2.60000 2.20000
1.10000 4.80000 4.50000
3.40000 2.80000 4.40000
2.80000 3.10000 2.70000
3.70000 2.00000 3.60000
0.70000 4.00000 1.50000
0.20000 4.10000 3.20000
1.90000 4.80000 1.00000
1.80000 0.40000 2.60000
1.60000 0.80000 0.20000
1.60000 3.60000 1.60000
1.70000 4.80000 2.70000
4.50000 0.90000 3.40000
1.60000 3.50000 4.70000
3.90000 2.60000 1.80000
3.40000 2.70000 1.90000
2.40000 0.10000 1.30000
1.60000 1.10000 1.40000
1.90000 1.60000 3.80000
1.60000 3.20000 2.60000
3.40000 0.50000 0.20000
4.00000 0.10000 1.60000
4.90000 3.80000 2.10000
2.80000 3.40000 0.50000
0.10000 3.20000 4.60000
2.00000 3.10000 0.50000
3.50000 2.80000 3.20000
1.30000 1.20000 0.70000
2.10000 0.70000 2.40000
0.10000 1.70000 0.40000
0.70000 4.00000 3.20000
4.70000 3.90000 1.50000
3.70000 1.40000 2.40000
1.00000 4.20000 4.00000
0.90000 4.40000 3.00000
0.10000 3.60000 4.40000
NNG
50
0 43
1 31
2 18
3 9
4 31
5 19
6 22
7 48
8 30
9 3
10 6
11 29
12 43
13 34
14 17
15 7
16 40
17 14
18 2
19 5
20 49
21 25
22 6
23 31
24 33
25 21
26 46
27 33
28 40
29 40
30 8
31 1
32 1
33 27
34 13
35 34
36 45
37 14
38 49
39 24
40 16
41 31
42 22
43 0
44 5
45 36
46 18
47 48
48 47
49 38
